0 0.31875 0.68828125 0.4625 0.353125
0 0.240625 0.47421875 0.084375 0.05625
0 0.2328125 0.9296875 0.16875 0.140625
0 0.684375 0.678125 0.1703125 0.171875
0 0.771875 0.81875 0.1140625 0.153125
0 0.875 0.746875 0.15 0.1671875
0 0.85546875 0.58515625 0.1859375 0.153125
0 0.875 0.46796875 0.25 0.1921875
0 0.696875 0.41015625 0.1015625 0.096875
0 0.73984375 0.340625 0.14375 0.0984375
0 0.60625 0.51640625 0.175 0.1765625
0 0.46171875 0.42890625 0.084375 0.084375
0 0.96875 0.684375 0.0625 0.153125
0 0.5453125 0.72734375 0.0875 0.121875