0 0.63515625 0.8140625 0.2625 0.2078125
0 0.653125 0.49375 0.209375 0.09375
0 0.75546875 0.39296875 0.18125 0.053125
0 0.76953125 0.31796875 0.1234375 0.0421875
0 0.69375 0.28671875 0.10625 0.0359375
0 0.64765625 0.259375 0.0953125 0.028125
0 0.71484375 0.2203125 0.065625 0.028125
0 0.43984375 0.409375 0.1234375 0.0484375
0 0.4453125 0.365625 0.0875 0.040625
0 0.53984375 0.315625 0.0734375 0.03125
0 0.38984375 0.325 0.090625 0.0359375
0 0.33671875 0.36484375 0.0625 0.03125
0 0.0703125 0.7453125 0.125 0.1015625