0 0.265625 0.615625 0.4421875 0.3140625
0 0.26484375 0.38671875 0.08125 0.0484375
0 0.08828125 0.85078125 0.15 0.2109375
0 0.6125 0.73046875 0.1578125 0.159375
0 0.64609375 0.89296875 0.1015625 0.1453125
0 0.76796875 0.86015625 0.1375 0.15625
0 0.8046875 0.70234375 0.1765625 0.1390625
0 0.86875 0.6 0.2515625 0.1703125
0 0.715625 0.4828125 0.09375 0.0890625
0 0.7796875 0.43203125 0.1390625 0.0859375
0 0.59453125 0.5515625 0.1625 0.1640625
0 0.48828125 0.41953125 0.0796875 0.078125
0 0.90859375 0.8453125 0.115625 0.1453125
0 0.46484375 0.7296875 0.078125 0.1171875