0 0.56875 0.8078125 0.225 0.1875
0 0.5609375 0.49921875 0.1828125 0.096875
0 0.6390625 0.39921875 0.1453125 0.065625
0 0.64765625 0.32734375 0.1015625 0.0421875
0 0.53828125 0.37109375 0.128125 0.059375
0 0.39453125 0.4265625 0.1 0.0453125
0 0.39140625 0.38671875 0.08125 0.0375
0 0.4640625 0.3328125 0.053125 0.025
0 0.58359375 0.2984375 0.075 0.028125
0 0.54921875 0.27578125 0.0796875 0.028125
0 0.1109375 0.76171875 0.1 0.0921875
0 0.6015625 0.23671875 0.0546875 0.025
0 0.34921875 0.34921875 0.0796875 0.034375