0 0.54375 0.29453125 0.0953125 0.0921875
0 0.63046875 0.23046875 0.05625 0.0609375
0 0.58828125 0.43359375 0.0875 0.1109375
0 0.4625 0.5546875 0.1078125 0.06875
0 0.49296875 0.5140625 0.075 0.040625
0 0.71484375 0.65625 0.071875 0.1203125
0 0.7265625 0.82109375 0.109375 0.1625
0 0.7078125 0.45 0.0546875 0.0765625
0 0.6953125 0.31484375 0.0703125 0.0875
0 0.49296875 0.37578125 0.04375 0.0359375
0 0.478125 0.40859375 0.0421875 0.0265625
0 0.5140625 0.3453125 0.0328125 0.028125
0 0.5765625 0.17265625 0.0390625 0.028125