0 0.5578125 0.29765625 0.1 0.096875
0 0.64921875 0.23984375 0.059375 0.0625
0 0.5921875 0.43984375 0.09375 0.1140625
0 0.459375 0.55234375 0.109375 0.075
0 0.4921875 0.51328125 0.0765625 0.0453125
0 0.70390625 0.6703125 0.0796875 0.1234375
0 0.70390625 0.83671875 0.11875 0.165625
0 0.7109375 0.46484375 0.059375 0.078125
0 0.7078125 0.32890625 0.075 0.090625
0 0.5015625 0.375 0.0453125 0.0375
0 0.484375 0.40703125 0.04375 0.028125
0 0.525 0.346875 0.0328125 0.0296875
0 0.59921875 0.17890625 0.040625 0.03125