0 0.54140625 0.8125 0.234375 0.1984375
0 0.5609375 0.50390625 0.1875 0.1046875
0 0.646875 0.41171875 0.1484375 0.0734375
0 0.6625 0.340625 0.1046875 0.046875
0 0.54921875 0.375 0.1296875 0.065625
0 0.4015625 0.41796875 0.1015625 0.05
0 0.40234375 0.378125 0.084375 0.0421875
0 0.47890625 0.33046875 0.053125 0.0265625
0 0.60078125 0.30625 0.0765625 0.03125
0 0.56875 0.28046875 0.08125 0.03125
0 0.0890625 0.7265625 0.1046875 0.096875
0 0.62421875 0.24609375 0.05625 0.0265625
0 0.3625 0.33671875 0.08125 0.0390625