0 0.41171875 0.49453125 0.4390625 0.3703125
0 0.2109375 0.8625 0.3375 0.2625
0 0.825 0.4578125 0.2671875 0.165625
0 0.84765625 0.57421875 0.26875 0.175
0 0.84296875 0.7546875 0.2578125 0.2875
0 0.66953125 0.34609375 0.2796875 0.1671875
0 0.6234375 0.25 0.1625 0.0828125
0 0.32265625 0.190625 0.1828125 0.1
0 0.52109375 0.18671875 0.1859375 0.10625
0 0.67578125 0.12265625 0.1515625 0.1125
0 0.58515625 0.07421875 0.1125 0.0671875
0 0.4734375 0.06875 0.121875 0.059375
0 0.36953125 0.11171875 0.1234375 0.0625
0 0.196875 0.1609375 0.0890625 0.0484375
0 0.21875 0.10625 0.065625 0.03125
0 0.23125 0.06328125 0.0609375 0.0296875
0 0.3015625 0.06796875 0.0640625 0.0359375