0 0.34921875 0.44140625 0.090625 0.05
0 0.34453125 0.39921875 0.0625 0.034375
0 0.30703125 0.5984375 0.0703125 0.040625
0 0.25859375 0.69296875 0.096875 0.053125
0 0.40078125 0.78828125 0.228125 0.1625
0 0.84453125 0.70390625 0.059375 0.05625
0 0.62109375 0.7078125 0.0625 0.059375
0 0.5375 0.42265625 0.053125 0.028125
0 0.77890625 0.4171875 0.15 0.0546875
0 0.91640625 0.4859375 0.0453125 0.0296875
0 0.8640625 0.50546875 0.0453125 0.028125
0 0.95 0.5953125 0.0796875 0.034375
0 0.93828125 0.56484375 0.0625 0.025
0 0.6640625 0.59765625 0.065625 0.034375
0 0.71328125 0.64765625 0.0421875 0.0296875
0 0.55703125 0.94140625 0.1296875 0.1171875