0 0.41171875 0.4921875 0.43125 0.359375
0 0.1984375 0.85234375 0.33125 0.253125
0 0.8265625 0.46953125 0.2640625 0.15625
0 0.8453125 0.58671875 0.265625 0.1671875
0 0.834375 0.76640625 0.25 0.28125
0 0.675 0.35234375 0.2765625 0.159375
0 0.63203125 0.25390625 0.1609375 0.078125
0 0.33359375 0.18515625 0.18125 0.09375
0 0.53203125 0.1875 0.184375 0.1
0 0.6890625 0.12890625 0.1484375 0.1078125
0 0.6 0.07734375 0.1109375 0.0640625
0 0.48828125 0.06796875 0.121875 0.05625
0 0.38359375 0.1078125 0.121875 0.059375
0 0.20859375 0.15078125 0.0890625 0.0453125
0 0.2328125 0.096875 0.0640625 0.028125
0 0.24609375 0.0546875 0.059375 0.028125
0 0.3171875 0.0609375 0.0625 0.034375