0 0.38125 0.69765625 0.2390625 0.146875
0 0.5859375 0.8703125 0.15 0.1421875
0 0.546875 0.65 0.125 0.084375
0 0.5296875 0.575 0.1 0.0671875
0 0.41015625 0.59296875 0.103125 0.0671875
0 0.4171875 0.49140625 0.090625 0.05
0 0.61796875 0.50234375 0.1671875 0.0703125
0 0.71640625 0.55859375 0.103125 0.0578125
0 0.5390625 0.43984375 0.090625 0.0421875
0 0.06953125 0.57265625 0.1390625 0.1140625
0 0.12109375 0.51015625 0.10625 0.0609375
0 0.17734375 0.4765625 0.1203125 0.0703125
0 0.2546875 0.41953125 0.0703125 0.0359375
0 0.32578125 0.4 0.0734375 0.0359375
0 0.290625 0.35234375 0.1109375 0.05
0 0.4265625 0.3328125 0.10625 0.0453125
0 0.38125 0.34765625 0.0671875 0.0328125
0 0.53203125 0.390625 0.0609375 0.03125