0 0.69296875 0.7828125 0.290625 0.2453125
0 0.64921875 0.46484375 0.2203125 0.125
0 0.73046875 0.34609375 0.1859375 0.08125
0 0.7296875 0.26953125 0.128125 0.0609375
0 0.64921875 0.25390625 0.1109375 0.0515625
0 0.59921875 0.2359375 0.0984375 0.0421875
0 0.6578125 0.184375 0.06875 0.0375
0 0.4234375 0.421875 0.1296875 0.0671875
0 0.4203125 0.378125 0.09375 0.0546875
0 0.50390625 0.3109375 0.078125 0.0421875
0 0.35859375 0.34921875 0.09375 0.0484375
0 0.3140625 0.3984375 0.0671875 0.040625
0 0.12578125 0.8234375 0.1375 0.1203125