0 0.33984375 0.4765625 0.090625 0.0484375
0 0.32578125 0.43671875 0.0625 0.0328125
0 0.33359375 0.6390625 0.06875 0.0390625
0 0.3078125 0.7421875 0.096875 0.0515625
0 0.46796875 0.803125 0.2265625 0.159375
0 0.88125 0.62109375 0.0578125 0.0546875
0 0.66484375 0.675 0.0625 0.0578125
0 0.51953125 0.41640625 0.0515625 0.028125
0 0.753125 0.35625 0.15 0.053125
0 0.90234375 0.3921875 0.0453125 0.0296875
0 0.85546875 0.4234375 0.0453125 0.0265625
0 0.96015625 0.49140625 0.078125 0.0328125
0 0.94140625 0.46484375 0.0609375 0.0234375
0 0.68203125 0.5578125 0.065625 0.034375
0 0.740625 0.5953125 0.0421875 0.0296875
0 0.65703125 0.925 0.128125 0.128125